object={
	name="bridge 01"
	render_pass=MapUnderWater
	clamp_to_water_level=no
	generated_content=no
	layer="temp_layer"
	pdxmesh="bridge_01_mesh"
	count=143
	transform="2169.333252 1.000000 3645.833252 0.000000 -0.475624 0.000000 -0.879649 1.000000 1.000000 1.000000
2252.300537 1.758301 3584.518799 0.000000 -0.668337 0.000000 -0.743859 1.000000 1.000000 1.000000
1957.666626 1.000000 3467.166748 0.000000 0.574370 0.000000 -0.818595 1.000000 1.000000 1.000000
1926.595215 2.100342 3378.955078 0.000000 -0.467158 0.000000 -0.884174 1.000000 1.000000 1.000000
1979.666626 1.855713 3345.666748 0.000000 -0.084547 0.000000 -0.996419 1.000000 1.000000 1.000000
2006.166626 1.980713 3334.666748 0.000000 -0.358629 0.000000 -0.933480 1.000000 1.000000 1.000000
2086.000000 2.254150 3288.166748 0.000000 -0.641428 0.000000 -0.767183 1.000000 1.000000 1.000000
2217.833252 1.000000 2722.000000 0.000000 -0.344479 0.000000 -0.938794 1.000000 1.000000 1.000000
2007.833374 1.000000 2940.666748 0.000000 0.518773 0.000000 -0.854912 1.000000 1.000000 1.000000
2005.166626 1.000000 2897.500000 0.000000 -0.475624 0.000000 -0.879649 1.000000 1.000000 1.000000
1978.000000 1.000000 2958.000000 0.000000 0.028794 0.000000 -0.999585 1.000000 1.000000 1.000000
1957.333374 1.000000 2956.500000 0.000000 -0.143493 0.000000 -0.989651 1.000000 1.000000 1.000000
2353.776611 1.000000 3836.109131 0.000000 0.173023 0.000000 -0.984918 1.000000 1.000000 1.000000
2351.500000 1.000000 3294.500000 0.000000 0.006109 0.000000 -0.999981 1.000000 1.000000 1.000000
2478.000000 1.000000 3233.666748 0.000000 -0.235990 0.000000 -0.971755 1.000000 1.000000 1.000000
2416.702148 1.000000 3527.876221 0.000000 0.523532 0.000000 -0.852006 1.000000 1.000000 1.000000
2332.960693 1.618408 3546.218994 0.000000 -0.378327 0.000000 -0.925672 1.000000 1.000000 1.000000
2404.645264 1.000000 3837.850342 0.000000 0.639962 0.000000 -0.768407 1.000000 1.000000 1.000000
2397.666748 1.000000 3767.333252 0.000000 0.599146 0.000000 -0.800640 1.000000 1.000000 1.000000
2418.833252 1.000000 3683.333252 0.000000 0.791663 0.000000 -0.610958 1.000000 1.000000 1.000000
2409.612305 1.000000 3575.017334 0.000000 -0.294874 0.000000 -0.955536 1.000000 1.000000 1.000000
2432.500000 1.000000 3912.833252 0.000000 0.422618 0.000000 -0.906308 1.000000 1.000000 1.000000
2520.666748 1.000000 3631.333252 0.000000 -0.339559 0.000000 -0.940585 1.000000 1.000000 1.000000
2578.303467 1.692871 3641.695068 0.000000 0.325568 0.000000 -0.945519 1.000000 1.000000 1.000000
2628.792480 1.837158 3636.680420 0.000000 0.218584 0.000000 -0.975818 1.000000 1.000000 1.000000
2672.688721 1.744141 3735.169434 0.000000 -0.412310 0.000000 -0.911044 1.000000 1.000000 1.000000
2810.817383 2.174805 3706.010498 0.000000 -0.001653 0.000000 -0.999999 1.000000 1.000000 1.000000
2922.193848 1.000000 3637.909180 0.000000 -0.475797 0.000000 -0.879555 1.000000 1.000000 1.000000
2926.514893 2.010254 3615.636475 0.000000 0.444338 0.000000 -0.895859 1.100147 1.100147 1.100147
2878.596924 1.000000 3511.273193 0.000000 -0.595685 0.000000 -0.803218 1.000000 1.000000 1.000000
2826.256104 1.000000 3508.797119 0.000000 -0.311506 0.000000 -0.950244 1.000000 1.000000 1.000000
2771.608398 2.033691 3536.407227 0.000000 0.103353 0.000000 -0.994645 1.000000 1.000000 1.000000
2665.281006 1.000000 3518.360596 0.000000 0.760566 0.000000 -0.649260 1.000000 1.000000 1.000000
2602.666748 1.000000 3332.833252 0.000000 0.268079 0.000000 -0.963397 1.000000 1.000000 1.000000
2475.500000 1.000000 3487.000000 0.000000 0.220697 0.000000 -0.975342 1.000000 1.000000 1.000000
2449.333252 1.000000 3377.333252 0.000000 -0.378649 0.000000 -0.925541 1.000000 1.000000 1.000000
2514.000000 1.000000 3237.833252 0.000000 0.384295 0.000000 -0.923210 1.000000 1.000000 1.000000
2490.333252 1.000000 3247.333252 0.000000 -0.139173 0.000000 -0.990268 1.000000 1.000000 1.000000
2497.500000 1.000000 3190.500000 0.000000 -0.477925 0.000000 -0.878400 1.000000 1.000000 1.000000
2518.500000 1.000000 3154.000000 0.000000 -0.548293 0.000000 -0.836286 1.000000 1.000000 1.000000
2557.333252 1.000000 3895.833252 0.000000 -0.484046 0.000000 -0.875042 1.000000 1.000000 1.000000
2623.535156 1.000000 3843.714844 0.000000 -0.421036 0.000000 -0.907044 1.000000 1.000000 1.000000
2711.667480 1.763184 3736.874023 0.000000 -0.147809 0.000000 -0.989016 1.000000 1.000000 1.000000
2598.907959 1.000000 4182.084961 0.000000 -0.019197 0.000000 -0.999816 1.000000 1.000000 1.000000
2824.705566 1.000000 4021.421387 0.000000 -0.160743 0.000000 -0.986996 1.000000 1.000000 1.000000
2599.500000 1.000000 2858.333252 0.000000 -0.358368 0.000000 -0.933580 1.000000 1.000000 1.000000
2459.000000 1.000000 3006.333252 0.000000 -0.269760 0.000000 -0.962928 1.000000 1.000000 1.000000
2598.666748 1.000000 3099.666748 0.000000 -0.259662 0.000000 -0.965700 1.000000 1.000000 1.000000
2778.166748 1.000000 3013.000000 0.000000 -0.382683 0.000000 -0.923880 1.000000 1.000000 1.000000
2706.000000 1.000000 2893.333252 0.000000 0.335452 0.000000 -0.942057 1.000000 1.000000 1.000000
3197.997070 0.883057 3083.553223 0.000000 0.036223 0.000000 -0.999344 1.000000 1.000000 1.000000
3161.730225 2.570557 2972.258545 0.000000 0.398545 0.000000 -0.917149 1.000000 1.000000 1.000000
3050.833252 1.978760 2959.333252 0.000000 0.523194 0.000000 -0.852214 1.000000 1.000000 1.000000
3393.896240 2.050293 2962.791016 0.000000 -0.448539 0.000000 -0.893763 1.390845 1.390845 1.390845
3258.579834 2.182373 3080.856201 0.000000 -0.731586 0.000000 -0.681749 1.175610 1.175610 1.175610
3122.931152 1.688477 3608.270508 0.000000 -0.078459 0.000000 -0.996917 1.000000 1.000000 1.000000
3225.913330 1.000000 3558.533203 0.000000 -0.427358 0.000000 -0.904083 1.000000 1.000000 1.000000
3252.427490 1.000000 3502.165527 0.000000 -0.482518 0.000000 -0.875886 1.000000 1.000000 1.000000
3379.500000 1.000000 3380.666748 0.000000 -0.457098 0.000000 -0.889416 1.000000 1.000000 1.000000
3239.262939 1.000000 3238.758057 0.000000 0.463030 0.000000 -0.886343 1.000000 1.000000 1.000000
3002.247559 2.355957 3142.016602 0.000000 -0.301334 0.000000 -0.953519 1.000000 1.000000 1.000000
3304.791748 1.000000 3525.202637 0.000000 -0.344281 0.000000 -0.938866 1.065747 1.065747 1.065747
3502.293701 1.000000 3556.302002 0.000000 0.332984 0.000000 -0.942932 1.000000 1.000000 1.000000
3621.274902 1.000000 3683.358887 0.000000 -0.443853 0.000000 -0.896099 1.000000 1.000000 1.000000
1922.666626 1.000000 3195.666748 0.000000 -0.288196 0.000000 -0.957571 1.000000 1.000000 1.000000
2124.286865 1.000000 3245.163574 0.000000 0.801064 0.000000 -0.598579 1.000000 1.000000 1.000000
2107.833252 1.000000 3175.666748 0.000000 0.466135 0.000000 -0.884714 1.000000 1.000000 1.000000
2026.604126 2.357178 3135.717041 0.000000 0.348351 0.000000 -0.937364 1.000000 1.000000 1.000000
2202.333252 1.000000 3287.166748 0.000000 0.466387 0.000000 -0.884581 1.000000 1.000000 1.000000
2083.926025 1.000000 3527.776367 0.000000 -0.109999 0.000000 -0.993932 1.000000 1.000000 1.000000
2202.000000 1.000000 3457.166748 0.000000 -0.147809 0.000000 -0.989016 1.000000 1.000000 1.000000
2215.833252 1.000000 3405.833252 0.000000 -0.317940 0.000000 -0.948111 1.000000 1.000000 1.000000
2399.166748 1.000000 4167.500000 0.000000 0.177085 0.000000 -0.984196 1.000000 1.000000 1.000000
2838.666748 1.000000 3953.000000 0.000000 0.291477 0.000000 -0.956578 1.000000 1.000000 1.000000
2743.833252 1.000000 3873.166748 0.000000 0.466021 0.000000 -0.884774 1.000000 1.000000 1.000000
2665.506348 1.000000 3840.870850 0.000000 0.033155 0.000000 -0.999450 1.000000 1.000000 1.000000
2669.000000 1.000000 2914.833252 0.000000 -0.494700 0.000000 -0.869064 1.000000 1.000000 1.000000
2554.000000 1.000000 2997.500000 0.000000 -0.000000 0.000000 -1.000000 1.000000 1.000000 1.000000
2467.166748 1.000000 3057.666748 0.000000 -0.152123 0.000000 -0.988362 1.000000 1.000000 1.000000
2264.166748 1.000000 3803.000000 0.000000 -0.451656 0.000000 -0.892192 1.000000 1.000000 1.000000
2302.333252 1.000000 3691.000000 0.000000 0.454768 0.000000 -0.890610 1.000000 1.000000 1.000000
3036.779053 2.025879 3227.843262 0.000000 -0.185805 0.000000 -0.982587 1.000000 1.000000 1.000000
3095.166748 2.029297 2989.666748 0.000000 0.508187 0.000000 -0.861247 1.000000 1.000000 1.000000
2956.743652 1.604492 3067.291260 0.000000 -0.149535 0.000000 -0.988756 1.000000 1.000000 1.000000
3085.892334 2.280762 3580.698730 0.000000 0.423497 0.000000 -0.905898 1.000000 1.000000 1.000000
3172.015381 2.181396 3473.422852 0.000000 -0.397148 0.000000 -0.917755 1.000000 1.000000 1.000000
2975.666748 1.000000 2802.500000 0.000000 -0.000000 0.000000 -1.000000 1.000000 1.000000 1.000000
3096.166748 1.000000 2816.833252 0.000000 0.197657 0.000000 -0.980271 1.000000 1.000000 1.000000
3404.500000 1.000000 2817.166748 0.000000 -0.000000 0.000000 -1.000000 1.000000 1.000000 1.000000
3291.666748 1.922852 2764.833252 0.000000 0.593574 0.000000 -0.804780 1.000000 1.000000 1.000000
3441.356934 2.270996 2746.454834 0.000000 -0.612832 0.000000 -0.790213 1.000000 1.000000 1.000000
3354.835449 2.543213 2713.127197 0.000000 -0.045106 0.000000 -0.998982 1.000000 1.000000 1.000000
1989.666626 1.000000 2860.833252 0.000000 -0.524729 0.000000 -0.851269 1.000000 1.000000 1.000000
1944.666626 1.000000 2891.000000 0.000000 0.363251 0.000000 -0.931691 1.000000 1.000000 1.000000
2082.666748 1.000000 2780.500000 0.000000 -0.398749 0.000000 -0.917060 1.000000 1.000000 1.000000
2077.000000 1.000000 2852.500000 0.000000 -0.092371 0.000000 -0.995725 1.000000 1.000000 1.000000
2081.833252 1.000000 2926.166748 0.000000 0.117537 0.000000 -0.993068 1.000000 1.000000 1.000000
2115.000000 1.000000 2892.000000 0.000000 -0.000000 0.000000 -1.000000 1.000000 1.000000 1.000000
2104.000000 1.000000 2831.000000 0.000000 0.036644 0.000000 -0.999328 1.000000 1.000000 1.000000
2413.000000 1.000000 2704.000000 0.000000 -0.065403 0.000000 -0.997859 1.000000 1.000000 1.000000
2473.166748 1.000000 2728.500000 0.000000 0.010472 0.000000 -0.999945 1.000000 1.000000 1.000000
2488.500000 1.000000 2792.833252 0.000000 -0.098451 0.000000 -0.995142 1.000000 1.000000 1.000000
2501.666748 1.000000 2821.666748 0.000000 -0.453990 0.000000 -0.891007 1.000000 1.000000 1.000000
1913.333374 1.000000 3075.166748 0.000000 -0.444635 0.000000 -0.895712 1.000000 1.000000 1.000000
1931.166626 1.000000 3015.666748 0.000000 0.461749 0.000000 -0.887011 1.000000 1.000000 1.000000
3617.348633 1.000000 3003.648682 0.000000 -0.290702 0.000000 -0.956814 1.000000 1.000000 1.000000
3562.237305 1.000000 3195.903076 0.000000 0.652849 0.000000 -0.757488 1.000000 1.000000 1.000000
3684.797852 1.000000 3285.639160 0.000000 0.167589 0.000000 -0.985857 1.000000 1.000000 1.000000
5984.908203 1.947266 3634.912354 0.000000 -0.389682 0.000000 -0.920949 1.000000 1.000000 1.000000
5894.660645 1.000000 3697.700928 0.000000 -0.471956 0.000000 -0.881622 1.000000 1.000000 1.000000
5831.000000 1.000000 3795.833252 0.000000 -0.542869 0.000000 -0.839818 1.000000 1.000000 1.000000
6102.666504 1.000000 3675.000000 0.000000 -0.000000 0.000000 -1.000000 1.000000 1.000000 1.000000
6116.500000 2.183594 3589.833252 0.000000 0.332984 0.000000 -0.942932 1.000000 1.000000 1.000000
5997.000000 1.000000 3527.666748 0.000000 -0.078459 0.000000 -0.996917 1.000000 1.000000 1.000000
4885.000000 1.000000 3811.833252 0.000000 -0.137445 0.000000 -0.990509 1.000000 1.000000 1.000000
4997.924805 1.000000 3713.317139 0.000000 -0.480224 0.000000 -0.877146 1.000000 1.000000 1.000000
4958.666504 1.946777 3654.333252 0.000000 0.309882 0.000000 -0.950775 1.000000 1.000000 1.000000
5046.166504 1.000000 3494.666748 0.000000 -0.226651 0.000000 -0.973976 1.000000 1.000000 1.000000
5022.563477 2.076172 3499.244141 0.000000 0.302881 0.000000 -0.953028 1.000000 1.000000 1.000000
4898.008301 2.176758 3850.547607 0.000000 -0.000000 0.000000 -1.000000 1.000000 1.000000 1.000000
5061.833496 1.000000 3842.333252 0.000000 0.156434 0.000000 -0.987688 1.000000 1.000000 1.000000
4082.748779 2.577637 3960.354492 0.000000 -0.355923 0.000000 -0.934515 1.000000 1.000000 1.000000
4128.575195 3.064697 3855.385986 0.000000 -0.651710 0.000000 -0.758468 1.000000 1.000000 1.000000
4239.500000 1.000000 3762.500000 0.000000 0.078459 0.000000 -0.996917 1.000000 1.000000 1.000000
4354.166504 1.000000 3748.500000 0.000000 0.090633 0.000000 -0.995884 1.000000 1.000000 1.000000
4504.500000 1.000000 3700.666748 0.000000 0.216440 0.000000 -0.976296 1.000000 1.000000 1.000000
4574.333496 1.000000 3552.333252 0.000000 -0.116671 0.000000 -0.993171 1.000000 1.000000 1.000000
4745.000000 1.000000 3428.666748 0.000000 -0.377033 0.000000 -0.926200 1.000000 1.000000 1.000000
4872.508301 2.830811 3329.525146 0.000000 0.038388 0.000000 -0.999263 1.000000 1.000000 1.000000
4552.661621 2.035156 3589.530273 0.000000 0.078459 0.000000 -0.996917 1.000000 1.000000 1.000000
4337.166504 1.000000 3672.333252 0.000000 -0.375416 0.000000 -0.926857 1.000000 1.000000 1.000000
4330.166504 1.000000 3554.500000 0.000000 -0.516533 0.000000 -0.856267 1.000000 1.000000 1.000000
4275.500000 1.000000 3382.833252 0.000000 -0.351842 0.000000 -0.936060 1.000000 1.000000 1.000000
4307.500000 1.000000 3293.500000 0.000000 0.203642 0.000000 -0.979045 1.000000 1.000000 1.000000
4526.970215 1.997559 3305.247314 0.000000 -0.271440 0.000000 -0.962455 1.000000 1.000000 1.000000
4152.666504 1.000000 3748.333252 0.000000 0.049721 0.000000 -0.998763 1.000000 1.000000 1.000000
4144.833496 2.664307 3663.166748 0.000000 0.720698 0.000000 -0.693249 1.000000 1.000000 1.000000
4139.666504 3.054932 3532.500000 0.000000 0.652760 0.000000 -0.757565 1.000000 1.000000 1.000000
4069.166748 1.000000 3694.333252 0.000000 -0.149535 0.000000 -0.988756 1.000000 1.000000 1.000000
3875.866455 2.584473 3778.614258 0.000000 0.013090 0.000000 -0.999914 1.000000 1.000000 1.000000
4082.278320 1.962646 3736.261475 0.000000 -0.139567 0.000000 -0.990213 1.000000 1.000000 1.000000
3894.718750 2.073975 3831.025635 0.000000 -0.104528 0.000000 -0.994522 1.000000 1.000000 1.000000
4035.090088 2.075928 3862.905762 0.000000 0.429525 0.000000 -0.903055 1.000000 1.000000 1.000000
"}
object={
	name="bridge indian"
	render_pass=MapUnderWater
	clamp_to_water_level=no
	generated_content=no
	layer="temp_layer"
	pdxmesh="bridge_indian_mesh"
	count=96
	transform="4547.000000 1.000000 1717.500000 0.000000 0.620550 0.000000 -0.784167 1.000000 1.000000 1.000000
4568.047852 1.000000 1885.248779 0.000000 0.327218 0.000000 -0.944949 1.000000 1.000000 1.000000
4640.034668 1.000000 1966.125977 0.000000 0.298208 0.000000 -0.954501 1.000000 1.000000 1.000000
4639.381348 1.000000 2066.121826 0.000000 -0.512792 0.000000 -0.858513 1.000000 1.000000 1.000000
4718.666504 1.000000 2017.166626 0.000000 0.394744 0.000000 -0.918791 1.000000 1.000000 1.000000
4785.585449 1.000000 2066.105225 0.000000 0.309197 0.000000 -0.950998 1.000000 1.000000 1.000000
4827.333496 1.000000 1566.500000 0.000000 0.326393 0.000000 -0.945234 1.000000 1.000000 1.000000
4925.000000 1.000000 1582.166626 0.000000 -0.195090 0.000000 -0.980785 1.000000 1.000000 1.000000
5267.333496 1.000000 1434.833374 0.000000 -0.417074 0.000000 -0.908872 1.000000 1.000000 1.000000
5324.120605 2.752319 1374.864746 0.000000 -0.413899 0.000000 -0.910323 1.000000 1.000000 1.000000
5196.000000 1.000000 1029.000000 0.000000 -0.146822 0.000000 -0.989163 1.000000 1.000000 1.000000
5212.333496 1.000000 1025.166626 0.000000 -0.078459 0.000000 -0.996917 1.000000 1.000000 1.000000
5232.888184 2.268066 1029.487793 0.000000 0.103661 0.000000 -0.994613 1.000000 1.000000 1.000000
5256.833496 1.000000 1031.333374 0.000000 0.104528 0.000000 -0.994522 1.000000 1.000000 1.000000
5675.333496 1.000000 1810.000000 0.000000 -0.245307 0.000000 -0.969445 1.000000 1.000000 1.000000
5591.666504 1.000000 1788.000000 0.000000 -0.959067 0.000000 0.283178 1.000000 1.000000 1.000000
5582.036133 2.118774 1828.439575 0.000000 0.644725 0.000000 -0.764415 1.000000 1.000000 1.000000
5606.000000 1.000000 1834.666626 0.000000 0.081069 0.000000 -0.996709 1.000000 1.000000 1.000000
5645.666504 1.000000 1866.000000 0.000000 -0.432086 0.000000 -0.901833 1.000000 1.000000 1.000000
5766.166504 1.000000 1982.166626 0.000000 0.165048 0.000000 -0.986286 1.000000 1.000000 1.000000
5815.166504 1.000000 1999.166626 0.000000 0.252237 0.000000 -0.967666 1.000000 1.000000 1.000000
5552.166504 1.000000 1862.333374 0.000000 -0.480829 0.000000 -0.876814 1.000000 1.000000 1.000000
5415.333496 1.000000 1886.166626 0.000000 -0.154710 0.000000 -0.987960 1.000000 1.000000 1.000000
5292.731934 1.000000 1846.005615 0.000000 0.014576 0.000000 -0.999894 1.000000 1.000000 1.000000
5481.000000 1.000000 1612.666626 0.000000 0.210472 0.000000 -0.977600 1.000000 1.000000 1.000000
5937.166504 1.000000 1724.333374 0.000000 0.342840 0.000000 -0.939394 1.000000 1.000000 1.000000
5967.000000 1.000000 1612.166626 0.000000 0.790500 0.000000 -0.612461 1.000000 1.000000 1.000000
6012.666504 1.000000 1506.666626 0.000000 -0.332161 0.000000 -0.943223 1.000000 1.000000 1.000000
5979.000000 1.000000 1496.000000 0.000000 0.346117 0.000000 -0.938191 1.000000 1.000000 1.000000
5980.166504 1.000000 1766.500000 0.000000 0.034027 0.000000 -0.999421 1.000000 1.000000 1.000000
4665.533691 1.000000 2196.323486 0.000000 0.248690 0.000000 -0.968583 1.000000 1.000000 1.000000
4668.666504 1.000000 2016.666626 0.000000 0.621389 0.000000 -0.783502 1.000000 1.000000 1.000000
4741.000000 1.000000 2140.500000 0.000000 0.362990 0.000000 -0.931793 1.000000 1.000000 1.000000
4798.000000 1.000000 1645.166626 0.000000 0.710571 0.000000 -0.703625 1.000000 1.000000 1.000000
4823.196777 1.000000 1621.064331 0.000000 0.437063 0.000000 -0.899431 1.000000 1.000000 1.000000
4843.833496 1.000000 1673.000000 0.000000 0.226651 0.000000 -0.973976 1.000000 1.000000 1.000000
4818.166504 1.000000 1588.333374 0.000000 0.094977 0.000000 -0.995479 1.000000 1.000000 1.000000
4935.845215 1.000000 1626.957520 0.000000 0.161102 0.000000 -0.986938 1.000000 1.000000 1.000000
5032.500000 1.000000 1669.000000 0.000000 0.039260 0.000000 -0.999229 1.000000 1.000000 1.000000
5116.166504 1.000000 1707.000000 0.000000 -0.070627 0.000000 -0.997503 1.000000 1.000000 1.000000
5001.333496 1.000000 1599.500000 0.000000 0.367649 0.000000 -0.929965 1.000000 1.000000 1.000000
5236.666504 1.000000 1087.666626 0.000000 -0.084547 0.000000 -0.996419 1.000000 1.000000 1.000000
5258.000000 1.000000 1131.666626 0.000000 -0.097583 0.000000 -0.995227 1.000000 1.000000 1.000000
5238.666504 1.000000 1238.500000 0.000000 -0.052336 0.000000 -0.998630 1.000000 1.000000 1.000000
5127.333496 1.000000 1253.666626 0.000000 0.135716 0.000000 -0.990748 1.000000 1.000000 1.000000
5283.323242 1.000000 1337.677490 0.000000 -0.466387 0.000000 -0.884581 1.000000 1.000000 1.000000
5176.500000 1.000000 1328.000000 0.000000 0.482446 0.000000 -0.875926 1.000000 1.000000 1.000000
5124.000000 1.000000 1324.166626 0.000000 -0.387516 0.000000 -0.921863 1.000000 1.000000 1.000000
5031.810547 2.068726 1312.440918 0.000000 0.006109 0.000000 -0.999981 1.000000 1.000000 1.000000
5043.833496 1.815735 1376.500000 0.000000 -0.337917 0.000000 -0.941176 1.000000 1.000000 1.000000
5117.333496 1.000000 1304.500000 0.000000 0.145706 0.000000 -0.989328 1.000000 1.000000 1.000000
5046.500000 1.916626 1266.166626 0.000000 0.234294 0.000000 -0.972166 1.000000 1.000000 1.000000
5178.965820 1.633789 1478.281738 0.000000 0.031045 0.000000 -0.999518 1.000000 1.000000 1.000000
5105.221191 1.000000 1473.024048 0.000000 0.152123 0.000000 -0.988362 1.000000 1.000000 1.000000
5000.000000 1.000000 1485.333374 0.000000 -0.039260 0.000000 -0.999229 1.000000 1.000000 1.000000
5188.666504 1.000000 1567.000000 0.000000 -0.270600 0.000000 -0.962692 1.000000 1.000000 1.000000
5179.166504 1.000000 1625.333374 0.000000 0.189095 0.000000 -0.981959 1.000000 1.000000 1.000000
5383.393555 1.000000 1631.561646 0.000000 0.725465 0.000000 -0.688259 1.000000 1.000000 1.000000
5324.500000 1.000000 1662.333374 0.000000 0.196946 0.000000 -0.980414 1.000000 1.000000 1.000000
5225.000000 1.000000 1863.500000 0.000000 -0.180519 0.000000 -0.983571 1.000000 1.000000 1.000000
5152.666504 1.000000 1905.833374 0.000000 -0.484810 0.000000 -0.874620 1.000000 1.000000 1.000000
5089.500000 1.000000 1958.666626 0.000000 -0.222399 0.000000 -0.974956 1.000000 1.000000 1.000000
5023.333496 1.000000 2004.000000 0.000000 -0.340380 0.000000 -0.940288 1.000000 1.000000 1.000000
5011.168457 2.182251 2054.295654 0.000000 0.664080 0.000000 -0.747662 1.000000 1.000000 1.000000
5202.833496 1.000000 1855.000000 0.000000 -0.381070 0.000000 -0.924546 1.000000 1.000000 1.000000
5125.833496 1.000000 1881.166626 0.000000 -0.168489 0.000000 -0.985703 1.000000 1.000000 1.000000
5056.000000 1.000000 1918.666626 0.000000 -0.127930 0.000000 -0.991783 1.000000 1.000000 1.000000
4977.166504 1.000000 2003.333374 0.000000 -0.362438 0.000000 -0.932008 1.000000 1.000000 1.000000
4961.180176 1.000000 2066.147949 0.000000 -0.656318 0.000000 -0.754485 1.000000 1.000000 1.000000
5046.393066 1.000000 1908.130005 0.000000 0.346979 0.000000 -0.937873 1.000000 1.000000 1.000000
4969.666504 1.000000 1837.833374 0.000000 0.384295 0.000000 -0.923210 1.000000 1.000000 1.000000
4968.833496 1.821289 1740.666626 0.000000 -0.464069 0.000000 -0.885799 1.000000 1.000000 1.000000
5127.666504 1.000000 1866.000000 0.000000 0.084547 0.000000 -0.996419 1.000000 1.000000 1.000000
5066.000000 1.000000 1812.166626 0.000000 0.446979 0.000000 -0.894545 1.000000 1.000000 1.000000
5056.833496 1.000000 1736.166626 0.000000 0.697020 0.000000 -0.717052 1.000000 1.000000 1.000000
5343.166504 1.000000 1906.833374 0.000000 -0.000000 0.000000 -1.000000 1.000000 1.000000 1.000000
5219.500000 1.000000 1940.166626 0.000000 -0.216440 0.000000 -0.976296 1.000000 1.000000 1.000000
5476.333496 1.000000 1912.666626 0.000000 -0.414693 0.000000 -0.909961 1.000000 1.000000 1.000000
5596.166504 1.000000 1760.666626 0.000000 0.479075 0.000000 -0.877774 1.000000 1.000000 1.000000
5576.444336 1.000000 1731.666626 0.000000 -0.677518 0.000000 -0.735506 1.000000 1.000000 1.000000
5701.697754 1.000000 1808.768921 0.000000 0.615041 0.000000 -0.788495 1.000000 1.000000 1.000000
5682.333496 1.000000 1875.000000 0.000000 -0.198513 0.000000 -0.980098 1.000000 1.000000 1.000000
5391.045410 1.514893 1872.695801 0.000000 0.681133 0.000000 -0.732160 1.000000 1.000000 1.000000
5334.666504 2.125732 1815.000000 0.000000 0.156097 0.000000 -0.987742 1.000000 1.000000 1.000000
5243.333496 1.000000 1795.500000 0.000000 0.349261 0.000000 -0.937025 1.000000 1.000000 1.000000
6924.524902 1.000000 1972.095947 0.000000 -0.467930 0.000000 -0.883766 1.000000 1.000000 1.000000
6887.251465 1.000000 1994.455078 0.000000 -0.319143 0.000000 -0.947707 1.000000 1.000000 1.000000
5979.756836 1.000000 1857.496094 0.000000 -0.714106 0.000000 -0.700037 1.000000 1.000000 1.000000
6525.333496 1.000000 766.000000 0.000000 0.171069 0.000000 -0.985259 1.000000 1.000000 1.000000
6604.000000 1.000000 713.000000 0.000000 -0.551027 0.000000 -0.834487 1.000000 1.000000 1.000000
7056.000000 1.000000 569.666687 0.000000 0.003491 0.000000 -0.999994 1.000000 1.000000 1.000000
6839.854492 1.000000 887.243958 0.000000 0.117537 0.000000 -0.993068 1.000000 1.000000 1.000000
6952.716797 1.000000 928.427307 0.000000 0.390755 0.000000 -0.920495 1.000000 1.000000 1.000000
7015.000000 1.000000 788.333313 0.000000 -0.516900 0.000000 -0.856046 1.000000 1.000000 1.000000
7130.000000 1.000000 800.000000 0.000000 0.518773 0.000000 -0.854912 1.000000 1.000000 1.000000
7259.225098 1.000000 946.107056 0.000000 0.046121 0.000000 -0.998936 1.000000 1.000000 1.000000
"}
object={
	name="bridge mediterranean"
	render_pass=MapUnderWater
	clamp_to_water_level=no
	generated_content=no
	layer="temp_layer"
	pdxmesh="bridge_mediterranean_mesh"
	count=124
	transform="535.333313 1.000000 2244.666748 0.000000 -0.477159 0.000000 -0.878817 1.000000 1.000000 1.000000
568.833313 1.000000 2347.666748 0.000000 -0.263873 0.000000 -0.964557 1.000000 1.000000 1.000000
689.166687 1.000000 2272.333252 0.000000 0.071497 0.000000 -0.997441 1.000000 1.000000 1.000000
619.333313 1.000000 2243.833252 0.000000 0.385101 0.000000 -0.922875 1.000000 1.000000 1.000000
1204.333374 1.000000 2650.833252 0.000000 -0.500000 0.000000 -0.866025 1.000000 1.000000 1.000000
901.666687 1.000000 2783.666748 0.000000 -0.441506 0.000000 -0.897258 1.000000 1.000000 1.000000
1511.500000 1.000000 2747.666748 0.000000 -0.265556 0.000000 -0.964095 1.000000 1.000000 1.000000
1554.000000 1.000000 2744.500000 0.000000 0.131391 0.000000 -0.991331 1.000000 1.000000 1.000000
1608.500000 1.000000 2736.666748 0.000000 0.288196 0.000000 -0.957571 1.000000 1.000000 1.000000
2479.333252 1.000000 2697.166748 0.000000 0.168489 0.000000 -0.985703 1.000000 1.000000 1.000000
2370.500000 1.000000 2657.333252 0.000000 0.041004 0.000000 -0.999159 1.000000 1.000000 1.000000
2023.000000 1.000000 2767.333252 0.000000 -0.359183 0.000000 -0.933267 1.000000 1.000000 1.000000
755.833313 1.000000 2272.333252 0.000000 -0.040132 0.000000 -0.999194 1.000000 1.000000 1.000000
658.166687 1.000000 2359.666748 0.000000 0.260505 0.000000 -0.965473 1.000000 1.000000 1.000000
453.666656 1.000000 2355.333252 0.000000 0.439939 0.000000 -0.898028 1.000000 1.000000 1.000000
543.500000 1.000000 2401.833252 0.000000 0.008727 0.000000 -0.999962 1.000000 1.000000 1.000000
642.666687 1.000000 2408.166748 0.000000 0.023560 0.000000 -0.999722 1.000000 1.000000 1.000000
735.333313 1.000000 2410.166748 0.000000 0.078459 0.000000 -0.996917 1.000000 1.000000 1.000000
512.166687 1.000000 2508.000000 0.000000 0.033155 0.000000 -0.999450 1.000000 1.000000 1.000000
588.500000 1.000000 2524.333252 0.000000 0.254602 0.000000 -0.967046 1.000000 1.000000 1.000000
677.500000 1.000000 2532.666748 0.000000 0.084547 0.000000 -0.996419 1.000000 1.000000 1.000000
981.833313 1.000000 2460.666748 0.000000 -0.523986 0.000000 -0.851727 1.000000 1.000000 1.000000
885.500000 1.000000 2535.166748 0.000000 -0.267238 0.000000 -0.963630 1.000000 1.000000 1.000000
842.000000 1.000000 2572.333252 0.000000 -0.179661 0.000000 -0.983729 1.000000 1.000000 1.000000
971.500000 1.000000 2504.000000 0.000000 0.385101 0.000000 -0.922875 1.000000 1.000000 1.000000
917.833313 1.000000 2771.500000 0.000000 -0.164187 0.000000 -0.986429 1.000000 1.000000 1.000000
987.000000 1.000000 2761.166748 0.000000 -0.258819 0.000000 -0.965926 1.000000 1.000000 1.000000
968.000000 1.000000 2877.500000 0.000000 0.659284 0.000000 -0.751894 1.000000 1.000000 1.000000
1224.666626 1.000000 2822.000000 0.000000 -0.000000 0.000000 -1.000000 1.000000 1.000000 1.000000
1206.833374 1.000000 2830.333252 0.000000 -0.405142 0.000000 -0.914254 1.000000 1.000000 1.000000
1209.500000 1.000000 2872.333252 0.000000 0.660924 0.000000 -0.750453 1.000000 1.000000 1.000000
1226.833374 1.000000 2666.333252 0.000000 -0.351842 0.000000 -0.936060 1.000000 1.000000 1.000000
1445.666626 1.000000 2749.833252 0.000000 0.065403 0.000000 -0.997859 1.000000 1.000000 1.000000
1394.000000 1.000000 2762.333252 0.000000 -0.021815 0.000000 -0.999762 1.000000 1.000000 1.000000
1541.666626 1.000000 2638.833252 0.000000 0.073238 0.000000 -0.997314 1.000000 1.000000 1.000000
1587.333374 1.000000 2641.500000 0.000000 0.006109 0.000000 -0.999981 1.000000 1.000000 1.000000
1667.500000 1.000000 2505.833252 0.000000 0.438371 0.000000 -0.898794 1.000000 1.000000 1.000000
1995.500000 1.000000 2787.333252 0.000000 -0.252914 0.000000 -0.967489 1.000000 1.000000 1.000000
2095.666748 1.000000 2722.500000 0.000000 0.351842 0.000000 -0.936060 1.000000 1.000000 1.000000
2019.666626 1.000000 2734.000000 0.000000 0.001745 0.000000 -0.999998 1.000000 1.000000 1.000000
1924.166626 1.000000 2753.166748 0.000000 -0.113203 0.000000 -0.993572 1.000000 1.000000 1.000000
1860.333374 1.000000 2796.833252 0.000000 -0.344479 0.000000 -0.938794 1.000000 1.000000 1.000000
2297.000000 1.000000 2686.500000 0.000000 -0.385101 0.000000 -0.922875 1.000000 1.000000 1.000000
2340.500000 1.000000 2672.333252 0.000000 -0.124467 0.000000 -0.992224 1.000000 1.000000 1.000000
2140.333252 1.000000 2706.333252 0.000000 -0.533615 0.000000 -0.845728 1.000000 1.000000 1.000000
2258.500000 1.000000 2428.166748 0.000000 -0.356738 0.000000 -0.934204 1.000000 1.000000 1.000000
2452.833252 1.000000 2450.166748 0.000000 0.350207 0.000000 -0.936672 1.000000 1.000000 1.000000
2468.500000 1.000000 2500.833252 0.000000 -0.308187 0.000000 -0.951326 1.000000 1.000000 1.000000
2401.666748 1.000000 2537.500000 0.000000 -0.123601 0.000000 -0.992332 1.000000 1.000000 1.000000
2924.833252 1.799194 2207.166748 0.000000 -0.813820 0.000000 -0.581117 1.000000 1.000000 1.000000
2979.628174 1.801147 2236.190918 0.000000 0.238533 0.000000 -0.971134 1.000000 1.000000 1.000000
2554.966553 1.810059 2770.207764 0.000000 0.230602 0.000000 0.973048 1.000000 1.000000 1.000000
6601.992676 1.000000 1246.508179 0.000000 -0.462739 0.000000 -0.886494 1.000000 1.000000 1.000000
6543.286133 1.000000 1310.974854 0.000000 -0.532342 0.000000 -0.846529 1.000000 1.000000 1.000000
6524.983398 1.000000 1357.607788 0.000000 -0.490143 0.000000 -0.871642 1.000000 1.000000 1.000000
6552.622559 1.000000 1357.453247 0.000000 0.117537 0.000000 -0.993068 1.000000 1.000000 1.000000
6579.232910 1.000000 1436.125977 0.000000 -0.632029 0.000000 -0.774944 1.000000 1.000000 1.000000
6551.909668 1.000000 1529.163452 0.000000 -0.267893 0.000000 -0.963449 1.000000 1.000000 1.000000
6525.411621 1.000000 1529.613525 0.000000 0.190809 0.000000 -0.981627 1.000000 1.000000 1.000000
6419.666504 1.000000 1524.333374 0.000000 -0.337917 0.000000 -0.941176 1.000000 1.000000 1.000000
6361.208008 1.000000 1500.568115 0.000000 0.215651 0.000000 -0.976471 1.000000 1.000000 1.000000
6434.584961 1.000000 1426.816162 0.000000 -0.040132 0.000000 -0.999194 1.000000 1.000000 1.000000
6834.994629 1.000000 2016.193848 0.000000 -0.394744 0.000000 -0.918791 1.000000 1.000000 1.000000
7261.028809 1.000000 2567.898438 0.000000 -0.294874 0.000000 -0.955536 1.000000 1.000000 1.000000
7223.094238 1.000000 2567.850830 0.000000 0.287361 0.000000 -0.957823 1.000000 1.000000 1.000000
7158.257324 1.000000 2546.695068 0.000000 -0.851840 0.000000 -0.523801 1.000000 1.000000 1.000000
7132.933594 1.000000 2495.747314 0.000000 0.292372 0.000000 -0.956305 1.000000 1.000000 1.000000
7083.333496 1.000000 2447.333252 0.000000 0.372988 0.000000 -0.927836 1.000000 1.000000 1.000000
7029.000000 1.000000 2385.666748 0.000000 0.177085 0.000000 -0.984196 1.000000 1.000000 1.000000
7019.704590 1.000000 2372.210693 0.000000 -0.611834 0.000000 -0.790986 1.000000 1.000000 1.000000
6971.436035 1.000000 2365.499268 0.000000 -0.182236 0.000000 -0.983255 1.000000 1.000000 1.000000
6904.927246 1.000000 2414.477295 0.000000 -0.204392 0.000000 -0.978889 1.000000 1.000000 1.000000
6876.042480 1.000000 2359.700928 0.000000 0.346117 0.000000 -0.938191 1.000000 1.000000 1.000000
6837.486328 1.000000 2315.275146 0.000000 0.511222 0.000000 -0.859448 1.000000 1.000000 1.000000
6818.410156 1.000000 2314.095947 0.000000 -0.610514 0.000000 -0.792005 1.000000 1.000000 1.000000
6740.678223 1.000000 2354.489014 0.000000 0.286465 0.000000 -0.958091 1.000000 1.000000 1.000000
7049.666504 1.000000 2845.000000 0.000000 0.228351 0.000000 -0.973579 1.000000 1.000000 1.000000
6990.000000 1.000000 2822.333252 0.000000 0.139173 0.000000 -0.990268 1.000000 1.000000 1.000000
6945.333496 1.000000 2805.000000 0.000000 0.380263 0.000000 -0.924878 1.000000 1.000000 1.000000
6923.666504 1.000000 2757.000000 0.000000 0.334629 0.000000 -0.942350 1.000000 1.000000 1.000000
6875.000000 1.000000 2709.000000 0.000000 0.140901 0.000000 -0.990024 1.000000 1.000000 1.000000
6761.333496 1.000000 2637.000000 0.000000 0.447759 0.000000 -0.894154 1.000000 1.000000 1.000000
6716.666504 1.000000 2629.000000 0.000000 -0.004363 0.000000 -0.999990 1.000000 1.000000 1.000000
6666.666504 1.000000 2624.333252 0.000000 0.142629 0.000000 -0.989776 1.000000 1.000000 1.000000
8167.125488 1.000000 4037.055908 0.000000 -0.326393 0.000000 -0.945234 1.000000 1.000000 1.000000
8120.020996 1.000000 4014.942627 0.000000 -0.134851 0.000000 -0.990866 1.000000 1.000000 1.000000
8090.710449 1.000000 3908.586914 0.000000 0.400388 0.000000 -0.916346 1.000000 1.000000 1.000000
8027.863770 1.000000 3873.254639 0.000000 0.377841 0.000000 -0.925871 1.000000 1.000000 1.000000
7962.351562 1.000000 3788.688965 0.000000 -0.532876 0.000000 -0.846193 1.000000 1.000000 1.000000
7878.097168 1.000000 3670.792969 0.000000 0.331063 0.000000 -0.943609 1.000000 1.000000 1.000000
7718.273438 1.000000 3552.788574 0.000000 0.464959 0.000000 -0.885332 1.000000 1.000000 1.000000
7627.978027 1.000000 3526.729248 0.000000 0.338560 0.000000 -0.940945 1.000000 1.000000 1.000000
7556.545898 1.000000 3455.850830 0.000000 0.345298 0.000000 -0.938493 1.000000 1.000000 1.000000
7458.155273 1.000000 3433.092285 0.000000 -0.065403 0.000000 -0.997859 1.000000 1.000000 1.000000
7354.666504 1.000000 3393.333252 0.000000 0.257976 0.000000 -0.966151 1.000000 1.000000 1.000000
6264.666504 1.000000 1420.333374 0.000000 -0.476392 0.000000 -0.879233 1.000000 1.000000 1.000000
6550.712891 1.000000 1550.649536 0.000000 -0.555570 0.000000 -0.831470 1.000000 1.000000 1.000000
6395.056641 1.000000 1658.911621 0.000000 0.298885 0.000000 -0.954289 1.000000 1.000000 1.000000
6536.666504 1.000000 1789.000000 0.000000 -0.233445 0.000000 -0.972370 1.000000 1.000000 1.000000
6475.354980 1.000000 1822.775146 0.000000 -0.185797 0.000000 -0.982588 1.000000 1.000000 1.000000
6775.052734 1.000000 2019.083374 0.000000 0.086954 0.000000 -0.996212 1.000000 1.000000 1.000000
7292.002441 1.000000 2457.999023 0.000000 0.107298 0.000000 -0.994227 1.000000 1.000000 1.000000
6701.362305 1.000000 2370.691895 0.000000 -0.359183 0.000000 -0.933267 1.000000 1.000000 1.000000
6659.222168 1.710205 2383.738037 0.000000 -0.142629 0.000000 -0.989776 1.000000 1.000000 1.000000
6553.726562 1.940186 2351.478027 0.000000 -0.890044 0.000000 -0.455875 1.000000 1.000000 1.000000
6532.807617 1.493164 2300.375977 0.000000 0.446198 0.000000 -0.894934 1.000000 1.000000 1.000000
6471.618164 1.000000 2260.268555 0.000000 -0.898640 0.000000 -0.438687 1.000000 1.000000 1.000000
6399.000000 1.435791 2203.666748 0.000000 0.229808 0.000000 -0.973236 1.000000 1.000000 1.000000
6825.375977 1.000000 2254.353516 0.000000 -0.268079 0.000000 -0.963397 1.000000 1.000000 1.000000
6846.279297 1.000000 2190.067383 0.000000 -0.677518 0.000000 -0.735506 1.000000 1.000000 1.000000
7019.686523 1.000000 2307.530518 0.000000 0.674430 0.000000 -0.738338 1.000000 1.000000 1.000000
7001.566895 1.000000 2257.945801 0.000000 0.381070 0.000000 -0.924546 1.000000 1.000000 1.000000
7170.643555 1.000000 2635.620361 0.000000 0.483001 0.000000 -0.875620 1.000000 1.000000 1.000000
7083.527344 1.000000 2581.800781 0.000000 -0.008727 0.000000 -0.999962 1.000000 1.000000 1.000000
7044.333496 1.000000 2555.333252 0.000000 -0.065403 0.000000 -0.997859 1.000000 1.000000 1.000000
6969.166504 1.000000 2918.929199 0.000000 -0.000000 0.000000 -1.000000 1.000000 1.000000 1.000000
6931.612305 1.000000 2849.777588 0.000000 0.501392 0.000000 -0.865220 1.000000 1.000000 1.000000
6882.225098 1.000000 2786.667725 0.000000 0.468901 0.000000 -0.883251 1.000000 1.000000 1.000000
7208.807129 1.000000 3081.188232 0.000000 0.671680 0.000000 -0.740842 1.000000 1.000000 1.000000
7235.738770 1.000000 3170.387207 0.000000 0.052120 0.000000 -0.998641 1.000000 1.000000 1.000000
8438.158203 1.000000 2951.600098 0.000000 -0.574291 0.000000 -0.818651 1.000000 1.000000 1.000000
7209.721680 1.000000 3403.803955 0.000000 -0.304864 0.000000 -0.952396 1.000000 1.000000 1.000000
7855.914551 1.000000 3650.597412 0.000000 -0.567334 0.000000 -0.823488 1.000000 1.000000 1.000000
7856.102539 1.000000 3576.829346 0.000000 -0.594121 0.000000 -0.804376 1.000000 1.000000 1.000000
"}
object={
	name="bridge mena"
	render_pass=MapUnderWater
	clamp_to_water_level=no
	generated_content=no
	layer="temp_layer"
	pdxmesh="bridge_mena_mesh"
	count=117
	transform="2759.500000 1.000000 1840.666626 0.000000 0.217292 0.000000 -0.976107 1.000000 1.000000 1.000000
2746.333252 1.000000 1780.500000 0.000000 -0.599923 0.000000 -0.800058 1.000000 1.000000 1.000000
2712.333252 1.000000 1837.333374 0.000000 -0.385044 0.000000 -0.922898 1.000000 1.000000 1.000000
2722.723389 1.000000 1708.263184 0.000000 0.630238 0.000000 -0.776402 1.000000 1.000000 1.000000
2722.166748 1.000000 1681.833374 0.000000 -0.539506 0.000000 -0.841982 1.000000 1.000000 1.000000
2751.166748 1.000000 1645.166626 0.000000 -0.350207 0.000000 -0.936672 1.000000 1.000000 1.000000
2817.666748 1.000000 1591.666626 0.000000 0.219856 0.000000 -0.975532 1.000000 1.000000 1.000000
1531.666626 1.000000 562.000000 0.000000 0.466387 0.000000 -0.884581 1.000000 1.000000 1.000000
1533.500000 1.000000 631.000000 0.000000 0.657516 0.000000 -0.753440 1.000000 1.000000 1.000000
1492.500000 1.000000 772.166626 0.000000 -0.097583 0.000000 -0.995227 1.000000 1.000000 1.000000
1391.000000 1.000000 892.333374 0.000000 -0.119270 0.000000 -0.992862 1.000000 1.000000 1.000000
1283.333374 1.000000 964.666626 0.000000 -0.189952 0.000000 -0.981793 1.000000 1.000000 1.000000
1088.829956 1.493042 1149.010864 0.000000 -0.309847 0.000000 -0.950786 1.000000 1.000000 1.000000
922.477478 1.910522 1158.664551 0.000000 0.087350 0.000000 -0.996178 1.000000 1.000000 1.000000
826.534241 2.153442 1051.718262 0.000000 -0.022117 0.000000 -0.999755 1.000000 1.000000 1.000000
3466.166748 1.000000 2012.333374 0.000000 -0.464069 0.000000 -0.885799 1.000000 1.000000 1.000000
3426.126709 1.000000 2035.959595 0.000000 -0.386262 0.000000 -0.922389 1.000000 1.000000 1.000000
3525.166748 1.000000 1945.166626 0.000000 -0.038388 0.000000 -0.999263 1.000000 1.000000 1.000000
2766.666748 1.935669 1806.666626 0.000000 0.369664 0.000000 -0.929165 1.000000 1.000000 1.000000
2834.000000 1.000000 1508.500000 0.000000 0.747019 0.000000 -0.664802 1.000000 1.000000 1.000000
2815.000000 1.000000 1463.500000 0.000000 0.501006 0.000000 -0.865444 1.000000 1.000000 1.000000
2781.500000 1.000000 1451.000000 0.000000 0.288196 0.000000 -0.957571 1.000000 1.000000 1.000000
2734.333252 1.000000 1400.000000 0.000000 0.587008 0.000000 -0.809581 1.000000 1.000000 1.000000
2716.500000 1.632263 1303.833374 0.000000 0.739844 0.000000 -0.672778 1.000000 1.000000 1.000000
2784.500000 1.553772 1267.666626 0.000000 0.516152 0.000000 -0.856497 1.000000 1.000000 1.000000
2878.000000 1.000000 1300.000000 0.000000 0.672649 0.000000 -0.739962 1.000000 1.000000 1.000000
2899.870117 1.376160 1233.392578 0.000000 0.587246 0.000000 -0.809409 1.000000 1.000000 1.000000
2833.333252 1.820923 1121.500000 0.000000 0.681662 0.000000 -0.731667 1.000000 1.000000 1.000000
2856.000000 1.000000 981.333374 0.000000 0.625406 0.000000 -0.780300 1.000000 1.000000 1.000000
2870.000000 1.000000 1118.666626 0.000000 -0.474088 0.000000 -0.880477 1.000000 1.000000 1.000000
2906.500000 1.000000 1039.333374 0.000000 -0.220697 0.000000 -0.975342 1.000000 1.000000 1.000000
2994.233643 1.685455 904.250854 0.000000 -0.513541 0.000000 -0.858065 1.000000 1.000000 1.000000
2931.333252 1.000000 1225.333374 0.000000 -0.078459 0.000000 -0.996917 1.000000 1.000000 1.000000
3023.275635 1.632019 1069.717163 0.000000 -0.355107 0.000000 -0.934826 1.000000 1.000000 1.000000
601.800842 1.000000 2048.329346 0.000000 -0.177944 0.000000 -0.984041 1.000000 1.000000 1.000000
706.284607 1.905029 2025.883301 0.000000 -0.460496 0.000000 -0.887662 1.000000 1.000000 1.000000
514.833313 1.000000 1981.333374 0.000000 -0.449137 0.000000 -0.893463 1.000000 1.000000 1.000000
581.064514 2.058716 1928.379883 0.000000 -0.306100 0.000000 -0.951999 1.000000 1.000000 1.000000
3389.344482 1.000000 2075.515137 0.000000 -0.692419 0.000000 -0.721495 1.000000 1.000000 1.000000
3359.000000 1.000000 2121.333252 0.000000 -0.453990 0.000000 -0.891007 1.000000 1.000000 1.000000
3343.500000 1.000000 2158.833252 0.000000 -0.407534 0.000000 -0.913190 1.000000 1.000000 1.000000
3313.666748 1.000000 2234.500000 0.000000 -0.290702 0.000000 -0.956814 1.000000 1.000000 1.000000
3256.061768 1.431885 2302.350830 0.000000 -0.522499 0.000000 -0.852640 1.000000 1.000000 1.000000
3402.333252 1.000000 2087.500000 0.000000 0.748009 0.000000 -0.663688 1.000000 1.000000 1.000000
3424.500000 1.000000 2128.000000 0.000000 0.473320 0.000000 -0.880891 1.000000 1.000000 1.000000
3447.833252 1.000000 1951.333374 0.000000 -0.091502 0.000000 -0.995805 1.000000 1.000000 1.000000
3395.333252 1.000000 1994.500000 0.000000 -0.489768 0.000000 -0.871853 1.000000 1.000000 1.000000
3317.661621 1.000000 2068.078369 0.000000 -0.327218 0.000000 -0.944949 1.000000 1.000000 1.000000
3206.833252 1.000000 2131.000000 0.000000 -0.351842 0.000000 -0.936060 1.000000 1.000000 1.000000
3145.540283 1.438843 2172.542480 0.000000 0.052336 0.000000 -0.998630 1.000000 1.000000 1.000000
3091.642334 1.832397 2213.198730 0.000000 -0.465615 0.000000 -0.884988 1.000000 1.000000 1.000000
3216.000000 1.903442 2174.833252 0.000000 0.607366 0.000000 -0.794422 1.000000 1.000000 1.000000
3580.000000 1.000000 1930.000000 0.000000 0.785935 0.000000 -0.618309 1.000000 1.000000 1.000000
3592.220703 1.664917 1969.739746 0.000000 0.431655 0.000000 -0.902039 1.000000 1.000000 1.000000
3586.666748 1.000000 2031.166626 0.000000 0.768960 0.000000 -0.639297 1.000000 1.000000 1.000000
3490.000000 1.000000 2028.333374 0.000000 -0.006981 0.000000 -0.999976 1.000000 1.000000 1.000000
3534.833252 1.000000 1969.833374 0.000000 -0.456322 0.000000 -0.889815 1.000000 1.000000 1.000000
3567.000000 1.000000 2467.166748 0.000000 -0.484046 0.000000 -0.875042 1.000000 1.000000 1.000000
3492.333252 1.000000 2499.166748 0.000000 -0.486022 0.000000 -0.873946 1.000000 1.000000 1.000000
3401.000000 1.919067 2546.333252 0.000000 -0.183951 0.000000 -0.982935 1.000000 1.000000 1.000000
3521.166748 1.000000 2463.500000 0.000000 0.381070 0.000000 -0.924546 1.000000 1.000000 1.000000
3795.000000 1.000000 2495.166748 0.000000 -0.372863 0.000000 -0.927886 1.000000 1.000000 1.000000
3913.166748 1.000000 2531.500000 0.000000 0.328867 0.000000 -0.944376 1.000000 1.000000 1.000000
3993.190186 1.653564 2751.632568 0.000000 0.644536 0.000000 -0.764574 1.000000 1.000000 1.000000
4070.790283 1.000000 2653.775635 0.000000 -0.504792 0.000000 -0.863241 1.000000 1.000000 1.000000
4129.333496 1.000000 2620.166748 0.000000 -0.045363 0.000000 -0.998971 1.000000 1.000000 1.000000
4193.833496 1.000000 2529.333252 0.000000 -0.268920 0.000000 -0.963163 1.000000 1.000000 1.000000
4319.000000 1.000000 2439.833252 0.000000 -0.332161 0.000000 -0.943223 1.000000 1.000000 1.000000
4407.500000 1.000000 2417.000000 0.000000 0.056693 0.000000 -0.998392 1.000000 1.000000 1.000000
3993.333252 1.000000 2671.666748 0.000000 0.309993 0.000000 -0.950739 1.000000 1.000000 1.000000
4099.666504 1.000000 2898.833252 0.000000 0.239381 0.000000 -0.970926 1.000000 1.000000 1.000000
4205.666504 1.000000 2902.333252 0.000000 0.227981 0.000000 -0.973666 1.000000 1.000000 1.000000
4349.089844 1.308594 2808.037842 0.000000 -0.068886 0.000000 -0.997625 1.000000 1.000000 1.000000
4433.833496 1.000000 2721.000000 0.000000 -0.439939 0.000000 -0.898028 1.000000 1.000000 1.000000
4485.637207 1.000000 2618.581055 0.000000 -0.413490 0.000000 -0.910509 1.000000 1.000000 1.000000
165.207809 1.000000 1164.977295 0.000000 -0.035943 0.000000 -0.999354 1.000000 1.000000 1.000000
270.998596 1.348938 1156.479126 0.000000 -0.333367 0.000000 -0.942797 1.000000 1.000000 1.000000
374.965576 1.089233 1084.751099 0.000000 -0.168489 0.000000 -0.985703 1.000000 1.000000 1.000000
468.186920 1.000000 1019.927979 0.000000 -0.746103 0.000000 -0.665830 1.000000 1.000000 1.000000
477.465851 1.000000 945.525146 0.000000 0.515682 0.000000 -0.856780 1.000000 1.000000 1.000000
1151.725586 1.000000 661.681458 0.000000 -0.668727 0.000000 -0.743508 1.000000 1.000000 1.000000
1128.666626 1.000000 738.333313 0.000000 -0.351025 0.000000 -0.936366 1.000000 1.000000 1.000000
1054.191772 1.000000 812.867065 0.000000 -0.511925 0.000000 -0.859030 1.000000 1.000000 1.000000
1044.666626 1.000000 780.500000 0.000000 0.301755 0.000000 -0.953385 1.000000 1.000000 1.000000
971.309509 1.851166 814.319580 0.000000 0.711495 0.000000 -0.702692 1.000000 1.000000 1.000000
1144.333374 1.000000 769.166626 0.000000 -0.761094 0.000000 -0.648642 1.000000 1.000000 1.000000
1155.500000 1.000000 858.333374 0.000000 0.292372 0.000000 -0.956305 1.000000 1.000000 1.000000
724.235168 1.353943 1026.152954 0.000000 0.039260 0.000000 -0.999229 1.000000 1.000000 1.000000
590.666687 1.000000 945.833374 0.000000 0.372743 0.000000 -0.927935 1.000000 1.000000 1.000000
564.285706 1.543427 905.934998 0.000000 0.663259 0.000000 -0.748390 1.000000 1.000000 1.000000
808.500000 1.000000 1019.166626 0.000000 0.038388 0.000000 -0.999263 1.000000 1.000000 1.000000
685.500000 1.000000 957.166626 0.000000 0.649684 0.000000 -0.760204 1.000000 1.000000 1.000000
1475.833374 1.000000 801.666626 0.000000 0.625190 0.000000 -0.780472 1.000000 1.000000 1.000000
1484.000000 1.000000 868.500000 0.000000 0.132256 0.000000 -0.991216 1.000000 1.000000 1.000000
1530.500000 1.000000 846.500000 0.000000 0.284015 0.000000 -0.958820 1.000000 1.000000 1.000000
1384.166626 1.000000 974.500000 0.000000 0.253758 0.000000 -0.967268 1.000000 1.000000 1.000000
1922.166626 1.000000 948.500000 0.000000 -0.413899 0.000000 -0.910323 1.000000 1.000000 1.000000
1952.833374 1.000000 898.666626 0.000000 -0.397148 0.000000 -0.917755 1.000000 1.000000 1.000000
2034.362305 2.015472 857.863525 0.000000 0.117091 0.000000 -0.993121 1.000000 1.000000 1.000000
1939.166626 1.000000 878.666626 0.000000 -0.477159 0.000000 -0.878817 1.000000 1.000000 1.000000
1996.000000 1.000000 814.333374 0.000000 -0.235142 0.000000 -0.971961 1.000000 1.000000 1.000000
1950.833374 1.000000 970.333374 0.000000 -0.106372 0.000000 -0.994326 1.000000 1.000000 1.000000
2007.333374 1.000000 1014.833374 0.000000 0.394744 0.000000 -0.918791 1.000000 1.000000 1.000000
1815.666626 1.000000 993.666626 0.000000 0.190809 0.000000 -0.981627 1.000000 1.000000 1.000000
1691.833374 1.000000 954.000000 0.000000 0.020070 0.000000 -0.999799 1.000000 1.000000 1.000000
1593.500000 1.000000 921.333374 0.000000 0.054079 0.000000 -0.998537 1.000000 1.000000 1.000000
1680.863525 1.000000 901.722717 0.000000 0.574723 0.000000 -0.818348 1.000000 1.000000 1.000000
748.666687 1.000000 613.166687 0.000000 -0.394744 0.000000 -0.918791 1.000000 1.000000 1.000000
699.833313 1.000000 731.833313 0.000000 -0.481754 0.000000 -0.876307 1.000000 1.000000 1.000000
840.333313 1.000000 640.500000 0.000000 -0.371368 0.000000 -0.928486 1.000000 1.000000 1.000000
795.280212 2.078522 751.315063 0.000000 0.377442 0.000000 -0.926033 1.000000 1.000000 1.000000
933.000000 2.572815 642.500000 0.000000 0.471012 0.000000 -0.882127 1.000000 1.000000 1.000000
921.000000 1.000000 710.666687 0.000000 0.360811 0.000000 -0.932639 1.000000 1.000000 1.000000
533.000000 1.000000 710.000000 0.000000 -0.078459 0.000000 -0.996917 1.000000 1.000000 1.000000
304.000000 1.000000 853.500000 0.000000 0.488621 0.000000 -0.872496 1.000000 1.000000 1.000000
231.166672 1.000000 939.666626 0.000000 -0.325568 0.000000 -0.945519 1.000000 1.000000 1.000000
304.500000 1.000000 962.500000 0.000000 -0.000000 0.000000 -1.000000 1.000000 1.000000 1.000000
"}
object={
	name="bridge western"
	render_pass=MapUnderWater
	clamp_to_water_level=no
	generated_content=no
	layer="temp_layer"
	pdxmesh="bridge_western_mesh"
	count=91
	transform="987.166687 1.000000 3298.333252 0.000000 -0.234294 0.000000 -0.972166 1.000000 1.000000 1.000000
948.333313 1.000000 3303.833252 0.000000 0.056671 0.000000 -0.998393 1.000000 1.000000 1.000000
925.666687 1.000000 2962.833252 0.000000 -0.286525 0.000000 -0.958073 1.000000 1.000000 1.000000
988.666687 1.000000 3131.000000 0.000000 -0.349390 0.000000 -0.936977 1.000000 1.000000 1.000000
838.333313 1.000000 2961.500000 0.000000 -0.123601 0.000000 -0.992332 1.000000 1.000000 1.000000
1032.166626 1.000000 3094.000000 0.000000 -0.436017 0.000000 -0.899939 1.000000 1.000000 1.000000
1061.000000 1.000000 3082.000000 0.000000 -0.164187 0.000000 -0.986429 1.000000 1.000000 1.000000
1277.500000 1.000000 3306.333252 0.000000 0.362438 0.000000 -0.932008 1.000000 1.000000 1.000000
1328.000000 1.000000 3274.500000 0.000000 -0.401948 0.000000 -0.915663 1.000000 1.000000 1.000000
1505.833374 1.000000 3428.333252 0.000000 -0.306526 0.000000 -0.951862 1.000000 1.000000 1.000000
1600.800049 1.675049 3378.281006 0.000000 -0.326393 0.000000 -0.945234 1.000000 1.000000 1.000000
1386.666626 1.000000 3908.000000 0.000000 -0.632705 0.000000 -0.774393 1.000000 1.000000 1.000000
1420.500000 1.000000 3983.166748 0.000000 -0.124467 0.000000 -0.992224 1.000000 1.000000 1.000000
1016.833313 1.000000 2983.333252 0.000000 0.138309 0.000000 -0.990389 1.000000 1.000000 1.000000
1061.833374 1.000000 2987.333252 0.000000 -0.275637 0.000000 -0.961262 1.000000 1.000000 1.000000
1122.833374 1.000000 2904.833252 0.000000 -0.026177 0.000000 -0.999657 1.000000 1.000000 1.000000
957.833313 1.000000 2937.166748 0.000000 -0.078459 0.000000 -0.996917 1.000000 1.000000 1.000000
1087.833374 1.000000 3041.833252 0.000000 -0.586372 0.000000 -0.810042 1.000000 1.000000 1.000000
1130.833374 1.000000 3044.000000 0.000000 -0.000000 0.000000 -1.000000 1.000000 1.000000 1.000000
1116.166626 1.000000 3004.500000 0.000000 -0.488621 0.000000 -0.872496 1.000000 1.000000 1.000000
1099.166626 1.000000 3081.833252 0.000000 0.061049 0.000000 -0.998135 1.000000 1.000000 1.000000
1161.500000 1.000000 3085.166748 0.000000 -0.184809 0.000000 -0.982774 1.000000 1.000000 1.000000
1204.666626 1.000000 3050.833252 0.000000 -0.094108 0.000000 -0.995562 1.000000 1.000000 1.000000
1066.333374 1.000000 3100.500000 0.000000 0.174508 0.000000 -0.984656 1.000000 1.000000 1.000000
1110.500000 1.000000 3133.000000 0.000000 0.243615 0.000000 -0.969872 1.000000 1.000000 1.000000
1116.333374 1.000000 3117.666748 0.000000 -0.161604 0.000000 -0.986856 1.000000 1.000000 1.000000
1195.500000 1.000000 3119.666748 0.000000 -0.114937 0.000000 -0.993373 1.000000 1.000000 1.000000
1194.166626 1.000000 3264.333252 0.000000 -0.132256 0.000000 -0.991216 1.000000 1.000000 1.000000
1136.333374 1.000000 3209.666748 0.000000 -0.317305 0.000000 -0.948324 1.000000 1.000000 1.000000
893.333313 1.000000 3305.000000 0.000000 -0.415473 0.000000 -0.909606 1.000000 1.000000 1.000000
834.166687 1.000000 3340.000000 0.000000 0.335452 0.000000 -0.942057 1.000000 1.000000 1.000000
837.833313 1.000000 3365.166748 0.000000 -0.671971 0.000000 -0.740577 1.000000 1.000000 1.000000
815.666687 1.000000 3405.333252 0.000000 -0.263873 0.000000 -0.964557 1.000000 1.000000 1.000000
863.500000 1.000000 3360.833252 0.000000 0.319132 0.000000 -0.947710 1.000000 1.000000 1.000000
929.598145 1.000000 3462.371338 0.000000 0.519402 0.000000 -0.854530 1.000000 1.000000 1.000000
909.193359 1.000000 3419.866455 0.000000 0.298431 0.000000 -0.954431 1.000000 1.000000 1.000000
929.000000 1.000000 3479.333252 0.000000 -0.226166 0.000000 -0.974089 1.000000 1.000000 1.000000
909.833313 2.652588 3504.500000 0.000000 -0.424990 0.000000 -0.905198 1.000000 1.000000 1.000000
954.500000 1.263184 3386.166748 0.000000 -0.037157 0.000000 -0.999309 1.000000 1.000000 1.000000
932.569763 1.778076 3371.733887 0.000000 0.340612 0.000000 -0.940204 1.000000 1.000000 1.000000
479.165680 1.000000 3423.270020 0.000000 0.105396 0.000000 -0.994430 1.000000 1.000000 1.000000
532.833313 1.642822 3459.166748 0.000000 0.436195 0.000000 -0.899852 1.000000 1.000000 1.000000
1362.000000 1.000000 3192.000000 0.000000 -0.328042 0.000000 -0.944663 1.000000 1.000000 1.000000
1380.000000 1.000000 3158.833252 0.000000 -0.342840 0.000000 -0.939394 1.000000 1.000000 1.000000
1412.833374 1.000000 3088.666748 0.000000 0.418660 0.000000 -0.908143 1.000000 1.000000 1.000000
1377.000000 1.000000 3034.666748 0.000000 0.447759 0.000000 -0.894154 1.000000 1.000000 1.000000
1429.333374 1.000000 3162.500000 0.000000 0.107999 0.000000 -0.994151 1.000000 1.000000 1.000000
1472.500000 1.000000 3131.833252 0.000000 0.168489 0.000000 -0.985703 1.000000 1.000000 1.000000
1345.666626 1.000000 3163.666748 0.000000 0.278153 0.000000 -0.960537 1.000000 1.000000 1.000000
1295.000000 1.000000 3111.500000 0.000000 0.240228 0.000000 -0.970716 1.000000 1.000000 1.000000
1281.666626 1.000000 3045.333252 0.000000 -0.270600 0.000000 -0.962692 1.000000 1.000000 1.000000
1302.000000 1.000000 3321.500000 0.000000 0.298208 0.000000 -0.954501 1.000000 1.000000 1.000000
1302.000000 1.000000 3342.666748 0.000000 -0.104528 0.000000 -0.994522 1.000000 1.000000 1.000000
1284.833374 1.000000 3293.166748 0.000000 -0.158158 0.000000 -0.987414 1.000000 1.000000 1.000000
1281.500000 1.000000 3252.000000 0.000000 0.224951 0.000000 -0.974370 1.000000 1.000000 1.000000
1239.000000 1.000000 3203.166748 0.000000 -0.014835 0.000000 -0.999890 1.000000 1.000000 1.000000
1206.500000 1.000000 3142.333252 0.000000 -0.064532 0.000000 -0.997916 1.000000 1.000000 1.000000
1239.166626 1.000000 3091.666748 0.000000 -0.049721 0.000000 -0.998763 1.000000 1.000000 1.000000
1302.166626 1.000000 3011.166748 0.000000 -0.166769 0.000000 -0.985996 1.000000 1.000000 1.000000
1375.166626 1.000000 3399.666748 0.000000 0.541206 0.000000 -0.840890 1.000000 1.000000 1.000000
1373.500000 1.000000 3340.666748 0.000000 -0.438371 0.000000 -0.898794 1.000000 1.000000 1.000000
1438.000000 2.016846 3404.500000 0.000000 -0.382067 0.000000 -0.924135 1.000000 1.000000 1.000000
1453.666626 1.619385 3336.000000 0.000000 -0.837866 0.000000 -0.545877 1.000000 1.000000 1.000000
1480.166626 1.000000 3306.166748 0.000000 -0.342840 0.000000 -0.939394 1.000000 1.000000 1.000000
1625.166626 1.000000 3293.000000 0.000000 0.082808 0.000000 -0.996566 1.000000 1.000000 1.000000
1685.000000 1.000000 3239.166748 0.000000 -0.418660 0.000000 -0.908143 1.000000 1.000000 1.000000
1599.833374 1.000000 3297.833252 0.000000 0.385906 0.000000 -0.922538 1.000000 1.000000 1.000000
1605.666626 1.000000 3261.833252 0.000000 -0.637836 0.000000 -0.770172 1.000000 1.000000 1.000000
1587.662720 1.412842 3221.261719 0.000000 -0.821541 0.000000 -0.570149 1.000000 1.000000 1.000000
1625.429321 1.000000 3356.675049 0.000000 -0.451656 0.000000 -0.892192 1.000000 1.000000 1.000000
1739.166626 1.000000 3402.000000 0.000000 0.528393 0.000000 -0.849000 1.000000 1.000000 1.000000
1742.887695 1.000000 3329.992188 0.000000 0.714171 0.000000 -0.699971 1.000000 1.000000 1.000000
1780.500000 1.000000 3302.000000 0.000000 -0.028104 0.000000 -0.999605 1.000000 1.000000 1.000000
1850.958496 1.200928 3238.482178 0.000000 -0.457874 0.000000 -0.889017 1.000000 1.000000 1.000000
1794.666626 1.000000 3358.333252 0.000000 0.085417 0.000000 -0.996345 1.000000 1.000000 1.000000
1849.833374 1.000000 3348.833252 0.000000 -0.046235 0.000000 -0.998931 1.000000 1.000000 1.000000
1630.166626 1.000000 3738.166748 0.000000 0.336274 0.000000 -0.941764 1.000000 1.000000 1.000000
1703.833374 1.000000 3843.666748 0.000000 -0.709778 0.000000 -0.704425 1.000000 1.000000 1.000000
1830.500000 1.000000 3770.500000 0.000000 -0.025305 0.000000 -0.999680 1.000000 1.000000 1.000000
1771.500000 1.000000 3779.500000 0.000000 0.065135 0.000000 -0.997876 1.000000 1.000000 1.000000
1879.666626 1.000000 2988.500000 0.000000 -0.245307 0.000000 -0.969445 1.000000 1.000000 1.000000
1739.000000 1.000000 3000.166748 0.000000 -0.130526 0.000000 -0.991445 1.000000 1.000000 1.000000
1683.500000 1.000000 3028.333252 0.000000 -0.149535 0.000000 -0.988756 1.000000 1.000000 1.000000
1640.166626 1.000000 3054.666748 0.000000 -0.458843 0.000000 -0.888517 1.000000 1.000000 1.000000
1588.166626 1.000000 3043.666748 0.000000 -0.000000 0.000000 -1.000000 1.000000 1.000000 1.000000
1512.166626 1.000000 3019.833252 0.000000 0.132256 0.000000 -0.991216 1.000000 1.000000 1.000000
1904.000000 1.000000 2833.500000 0.000000 -0.265556 0.000000 -0.964095 1.000000 1.000000 1.000000
1851.166626 1.000000 2866.666748 0.000000 -0.171069 0.000000 -0.985259 1.000000 1.000000 1.000000
1695.500000 1.000000 3016.000000 0.000000 0.331978 0.000000 -0.943287 1.000000 1.000000 1.000000
1623.000000 1.000000 2965.500000 0.000000 0.195946 0.000000 -0.980615 1.000000 1.000000 1.000000
1887.666626 1.000000 3019.833252 0.000000 0.430511 0.000000 -0.902585 1.000000 1.000000 1.000000
"}
